37 51 37
13 57 13
60 8 60
22 41 22
63 25 25
47 19 47
59 15 59
33 23 33
37 13 37
60 22 22
25 47 25
59 33 33
37 22 22
25 33 33
22 33 22
10 17 10
28 49 28
1 26 1
52 36 52
7 29 7
9 5 9
48 39 48
44 34 44
10 28 10
1 52 1
7 9 9
48 44 44
10 1 1
9 44 9
1 9 9
22 9 9
21 3 21
32 18 32
56 43 43
24 30 30
14 58 58
42 46 42
50 11 11
35 0 35
21 32 21
43 40 43
58 42 58
11 35 11
21 43 21
58 11 58
21 58 58
40 31 40
6 38 6
20 55 20
45 16 16
4 62 4
54 27 54
12 53 12
40 6 6
20 61 61
16 4 4
54 12 12
6 61 6
4 12 12
6 12 6
58 6 6
6 9 9