15 18 15
28 32 32
22 30 22
21 14 21
49 44 49
11 35 35
37 12 12
36 53 36
15 32 32
22 21 22
49 35 49
12 36 36
32 22 22
49 36 49
22 49 22
47 56 47
13 10 13
3 52 3
55 27 27
63 23 63
39 43 39
2 9 2
16 31 31
47 13 47
3 27 3
63 39 63
2 31 31
47 3 3
63 31 31
3 31 3
17 8 17
50 58 58
48 6 6
61 62 61
20 59 59
29 25 29
5 24 24
60 26 60
17 58 17
6 61 6
59 29 59
24 60 60
17 6 17
59 60 60
17 60 60
7 0 7
4 19 4
51 54 51
40 45 40
33 38 38
1 43 1
41 46 46
57 42 57
7 4 7
51 40 40
38 1 1
46 57 46
7 40 7
1 46 1
7 1 7
22 3 3
60 7 7
3 7 7
